100
42 86 48 87 15 33 11 87 47 64 2 0 42 91 51 40 89 83 70 89 56 87 16 31 82 8 29 61 55 83 91 69 3 36 20 44 36 66 72 94 21 3 75 1 87 31 68 30 77 6 17 71 89 59 59 98 2 52 0 75 87 65 63 54 32 38 15 74 88 70 77 40 71 21 32 45 31 80 22 44 25 32 30 4 76 95 71 44 33 42 64 44 56 44 33 73 37 32 5 48 
29 68 72 83 89 63 65 16 70 55 67 45 96 18 86 15 56 57 36 87 12 92 94 14 33 7 27 50 9 63 41 50 74 13 49 8 55 3 4 69 7 27 39 9 65 90 59 53 92 74 23 35 52 67 72 71 99 97 17 21 75 71 51 87 17 10 18 86 44 51 12 20 52 36 5 39 95 97 5 38 16 71 13 20 51 34 0 36 98 53 36 67 5 99 4 20 47 78 59 80 
60 57 88 83 96 42 84 12 67 2 47 22 29 79 42 41 88 10 20 59 7 52 90 26 62 6 95 60 31 15 40 30 21 58 46 66 86 13 99 44 57 42 28 14 85 28 76 57 97 24 19 3 70 44 1 25 21 91 21 50 2 60 18 54 81 83 18 59 49 94 4 58 72 73 43 4 82 46 59 93 23 22 81 65 55 75 92 51 1 70 66 35 42 3 7 22 57 46 86 7 
89 21 97 87 20 59 80 53 14 9 17 91 82 34 83 99 0 63 30 67 39 37 20 69 73 4 2 38 30 36 62 2 63 69 69 47 86 51 0 61 29 43 43 53 97 90 62 31 1 75 37 5 52 38 88 59 21 7 19 74 98 77 43 61 74 39 62 78 4 35 75 37 0 91 6 72 7 0 62 86 26 6 59 88 20 92 3 78 75 69 64 72 47 33 82 19 55 5 34 17 
54 76 35 80 52 67 88 60 23 4 19 56 65 63 31 82 92 16 40 94 10 90 85 79 51 11 69 84 67 69 59 17 4 37 42 86 94 43 87 79 57 48 36 0 27 15 61 95 56 13 85 65 67 53 48 99 85 95 12 0 10 86 72 38 74 8 88 41 20 55 77 74 91 58 12 21 13 0 26 74 16 44 56 82 82 48 46 56 92 95 41 5 78 16 83 35 37 79 43 30 
39 80 32 10 64 51 88 82 29 51 66 34 53 72 33 48 77 29 13 35 38 87 12 48 94 42 28 65 84 12 78 75 54 96 75 40 24 0 18 43 19 69 54 89 96 43 46 24 98 72 17 95 25 65 66 68 38 96 16 71 38 61 55 4 85 6 79 27 10 36 34 16 19 61 99 55 18 75 71 47 46 8 62 26 25 14 87 46 53 73 29 82 74 6 32 47 60 49 47 85 
98 77 33 15 62 61 55 16 15 94 37 48 4 17 76 32 16 87 78 4 19 70 90 91 49 61 55 93 72 24 18 55 48 12 99 74 9 57 14 1 19 34 16 56 9 53 5 52 16 39 96 88 35 50 95 47 39 17 82 47 6 9 98 86 3 15 59 37 39 37 75 48 93 52 84 59 42 44 97 99 88 9 63 64 39 62 26 48 15 4 80 22 89 40 82 36 28 76 17 19 
77 20 46 73 98 22 41 16 60 17 40 50 54 14 42 77 87 94 68 4 68 23 89 90 78 51 81 71 46 33 78 84 95 6 19 45 76 73 66 6 76 38 1 90 48 95 42 53 70 74 78 8 0 49 77 12 84 44 42 36 13 17 65 5 59 14 10 91 85 76 20 10 20 62 34 14 70 41 21 42 39 82 93 92 66 46 58 56 53 27 51 51 95 41 42 45 19 5 48 55 
57 13 84 17 69 57 20 91 1 5 16 34 36 14 33 24 95 43 2 84 52 92 50 44 89 63 35 90 21 45 21 30 63 81 39 8 87 10 81 0 11 26 38 46 38 35 51 64 85 0 0 88 98 49 30 0 5 54 21 16 25 70 9 60 5 41 58 4 72 64 14 38 69 20 72 71 98 96 75 15 43 11 87 74 88 10 6 42 86 78 34 81 76 67 4 48 17 50 74 66 
68 85 67 65 98 68 70 2 80 18 58 47 94 29 54 83 61 93 76 36 45 57 11 3 23 89 71 21 75 35 60 74 88 53 66 83 42 77 41 69 17 76 51 45 96 35 20 96 66 14 31 52 72 15 15 3 86 97 10 20 39 63 81 67 64 64 46 24 48 77 13 23 87 69 30 19 18 14 15 86 80 22 62 98 74 41 93 50 3 57 28 78 16 43 91 59 11 94 82 83 
2 88 65 37 20 1 82 47 60 80 90 45 42 6 60 34 11 89 1 54 12 20 42 70 4 87 85 23 97 55 0 60 17 11 94 91 9 69 38 6 91 89 30 78 6 4 11 95 41 67 87 26 35 78 74 48 84 17 95 32 41 94 99 93 88 98 21 10 2 2 56 65 43 16 71 27 45 18 1 44 87 12 90 56 56 93 15 60 27 97 3 80 2 95 91 14 51 91 70 56 
77 62 34 77 60 44 63 68 57 76 7 23 94 83 0 22 45 46 52 43 2 84 24 35 95 35 80 24 37 86 93 68 48 64 50 35 23 36 48 24 90 28 44 96 16 43 94 54 84 61 28 62 85 47 5 56 91 23 11 34 30 89 32 16 8 76 89 43 79 11 54 17 84 90 36 95 81 15 97 96 10 84 28 58 86 21 85 35 10 78 42 53 70 74 60 58 6 23 56 43 
18 84 7 20 23 74 16 20 35 17 68 26 23 26 35 29 62 76 52 59 79 74 51 55 15 96 38 14 60 85 63 79 89 4 65 35 54 2 23 48 32 49 12 59 16 47 72 14 38 90 55 40 12 68 57 75 26 82 52 53 13 48 45 96 72 91 89 69 16 48 91 95 23 5 83 44 38 84 27 27 74 16 24 61 10 68 71 74 0 11 37 87 30 10 36 88 95 37 46 98 
75 31 4 14 28 62 37 63 22 67 47 83 31 20 73 55 72 40 91 23 46 58 79 24 44 98 93 69 70 96 13 4 25 82 92 47 77 13 2 30 8 13 11 3 75 69 17 34 34 44 12 21 70 22 20 18 99 44 17 19 76 14 50 83 4 26 42 39 44 35 52 68 18 73 86 87 53 10 11 51 33 87 8 47 91 44 98 57 78 85 91 8 81 96 97 50 95 29 42 60 
26 18 99 24 84 24 88 7 98 1 0 80 78 90 61 98 44 32 90 85 70 99 97 14 45 53 33 85 61 78 86 18 40 44 74 85 59 96 12 56 9 86 36 71 64 79 75 42 2 3 95 65 53 59 78 76 83 14 25 73 17 41 60 57 61 68 67 58 46 43 22 35 27 1 38 21 35 8 6 76 89 79 36 31 77 5 45 38 7 32 52 73 60 24 84 11 1 67 84 22 
74 29 9 89 26 36 85 86 86 94 68 86 34 27 8 30 62 78 51 82 37 0 98 71 57 95 25 21 33 31 33 69 82 62 88 66 3 99 54 30 69 14 91 78 14 14 71 61 60 58 8 70 51 94 16 40 10 53 67 73 34 94 2 50 52 28 84 16 46 81 0 1 2 23 37 36 27 42 77 55 42 95 34 20 12 22 89 43 21 67 5 98 50 50 43 52 17 98 52 94 
95 25 9 41 63 19 31 32 56 77 19 48 22 5 15 35 10 2 8 18 84 9 13 60 99 11 47 49 79 69 28 87 8 2 20 35 69 89 75 64 63 91 9 33 62 2 73 52 58 85 2 87 14 16 93 42 67 0 45 16 44 30 23 76 39 40 84 93 0 66 16 1 54 82 30 14 10 67 96 10 62 15 0 25 96 17 35 19 23 34 15 50 90 68 87 81 53 77 1 54 
81 97 33 55 81 77 76 34 4 55 54 83 87 84 41 54 30 17 5 23 83 11 15 78 99 40 38 0 9 41 91 2 75 88 73 9 3 22 16 61 18 28 90 15 41 30 63 6 80 29 9 49 81 62 91 53 23 36 37 94 26 45 34 49 8 69 65 20 69 27 49 77 58 36 91 10 35 97 57 99 42 19 74 84 20 59 19 9 65 97 41 28 9 35 62 87 12 92 54 12 
15 10 47 15 89 89 10 49 96 8 17 24 45 17 7 73 3 24 48 52 74 18 48 75 88 74 55 48 99 26 16 35 59 20 27 0 18 74 46 18 9 89 22 94 26 24 25 11 50 96 25 77 9 36 86 72 86 66 64 5 5 90 29 32 50 58 21 8 76 96 17 66 58 53 69 19 5 6 36 21 31 74 2 2 13 21 85 24 54 83 77 77 2 84 5 97 10 83 87 53 
18 44 74 30 68 62 14 7 64 8 8 98 14 50 6 13 66 54 61 10 44 66 94 48 35 34 48 59 13 81 21 59 87 98 83 10 92 83 19 39 84 54 20 64 1 84 65 42 0 6 78 16 64 82 88 12 92 66 68 61 70 34 63 64 85 63 99 55 11 18 74 6 80 52 92 59 98 57 21 38 33 46 74 71 55 46 87 11 18 49 84 53 21 66 99 62 1 45 10 11 
12 67 82 8 50 23 95 34 49 71 52 67 16 67 95 99 38 69 93 19 67 77 13 70 4 60 38 54 3 30 92 95 4 22 4 58 85 26 64 10 70 97 91 90 41 89 50 8 10 95 51 29 87 21 17 20 7 79 92 60 32 27 92 87 63 33 22 86 21 54 49 99 79 62 83 91 38 53 88 98 0 78 58 54 22 25 50 43 85 22 27 32 63 26 77 85 66 53 60 49 
28 52 58 12 26 66 73 52 78 95 0 5 57 77 86 35 83 78 66 13 38 78 3 0 86 27 27 29 14 77 15 50 3 38 90 19 66 11 30 69 76 76 68 12 42 39 31 73 14 97 3 87 61 81 50 67 25 31 79 39 79 56 31 69 67 31 17 31 88 65 48 71 80 5 26 7 50 91 27 38 42 10 40 58 13 18 39 76 36 0 54 36 50 30 53 27 41 10 74 67 
76 76 88 45 58 39 83 86 98 94 7 54 13 2 10 11 5 85 43 58 83 4 2 67 35 67 42 22 84 14 45 64 70 11 23 28 12 2 71 71 13 43 85 91 12 41 18 76 19 76 33 98 78 98 71 33 52 59 2 85 84 57 80 15 51 17 61 55 84 74 38 23 42 84 27 67 48 16 55 41 47 34 64 45 48 15 15 9 84 0 89 88 12 43 41 77 77 3 76 77 
22 62 38 40 8 15 5 61 69 10 0 49 13 78 71 40 12 35 52 91 73 21 89 93 95 47 6 11 17 69 98 84 38 34 83 78 58 14 5 22 26 40 97 70 68 72 47 61 58 27 91 21 23 79 93 25 53 81 40 11 74 5 78 10 84 10 32 80 67 66 27 90 42 27 4 82 17 64 88 48 11 13 22 7 74 95 13 58 12 5 3 60 67 89 25 28 11 40 33 18 
64 57 1 56 33 96 73 73 84 51 37 59 80 46 40 49 55 92 30 2 88 61 82 89 35 16 0 99 99 26 61 73 72 30 34 1 82 65 59 35 65 90 70 16 53 78 93 23 89 62 69 5 99 43 11 80 95 18 72 45 5 64 51 41 25 40 99 81 2 44 86 39 86 96 38 8 65 28 46 23 18 74 83 63 23 43 49 6 86 44 16 76 40 75 84 11 29 20 93 56 
12 68 37 18 12 91 35 29 26 65 33 74 20 13 17 1 72 89 76 90 36 65 58 87 40 7 36 83 61 13 51 19 71 75 82 23 48 69 10 93 73 99 11 88 11 53 89 66 19 28 92 80 59 76 8 84 65 66 97 52 56 36 37 99 67 59 90 54 88 75 20 23 7 67 40 9 0 88 23 77 23 85 85 38 1 8 32 47 36 47 8 66 86 70 33 94 12 29 26 0 
42 90 15 59 71 7 6 67 7 9 42 9 79 19 19 27 60 9 50 40 36 63 46 53 87 55 90 84 51 29 78 4 42 17 28 96 57 44 21 0 54 10 10 28 76 72 85 59 72 49 94 6 73 52 8 62 54 70 43 92 85 20 22 79 97 69 17 36 59 80 15 84 51 38 3 62 48 69 71 9 0 43 36 54 40 71 53 60 58 15 7 8 4 37 7 6 41 11 25 9 
16 38 14 93 38 48 68 29 26 94 22 9 5 10 91 10 6 86 3 47 30 75 83 7 7 48 66 5 79 57 63 55 3 66 82 9 56 92 4 47 95 56 40 69 98 68 95 84 34 85 87 78 87 30 94 85 39 98 80 38 55 50 37 8 67 9 40 71 80 31 49 2 89 54 41 76 51 8 65 9 68 42 52 56 67 25 70 83 14 65 92 47 96 12 64 5 72 91 67 19 
28 82 46 18 8 76 15 59 37 57 39 8 53 40 24 1 98 63 97 95 11 70 38 50 65 30 41 59 22 33 80 19 4 53 51 32 72 0 57 31 1 34 76 16 1 1 63 90 70 70 97 60 1 85 51 48 4 70 74 32 59 3 12 39 19 99 32 43 54 28 91 87 55 73 58 90 31 62 59 59 57 89 78 64 72 24 47 10 79 71 24 46 74 42 93 61 17 57 25 28 
34 25 95 46 85 48 78 86 93 50 7 98 40 97 65 38 53 73 52 83 48 98 18 35 94 2 48 25 3 81 10 24 71 64 23 91 83 52 79 16 72 30 60 25 73 10 50 91 7 6 85 86 83 58 96 81 85 92 6 86 81 86 94 26 8 7 43 21 80 90 36 48 32 1 96 5 6 67 22 11 32 64 50 81 89 58 15 0 20 99 84 96 36 70 98 77 80 84 11 99 
70 59 5 22 33 1 22 61 50 19 6 27 0 7 49 72 79 5 21 46 65 34 25 21 6 97 6 13 70 28 69 56 29 9 8 85 87 80 32 6 99 30 46 96 83 15 58 66 87 37 35 1 60 26 75 90 7 25 20 64 49 85 74 96 86 73 60 11 94 80 76 19 58 10 13 94 79 87 99 23 54 86 59 36 11 51 67 50 80 15 65 81 68 30 71 78 50 16 62 0 
26 33 77 35 86 91 53 56 67 84 99 95 48 49 27 36 98 92 78 77 28 90 88 43 65 95 54 28 87 73 68 36 41 91 14 28 38 82 86 23 40 97 79 43 54 22 89 95 88 22 36 82 88 97 30 34 5 94 42 9 49 73 56 7 58 89 79 30 59 48 90 85 58 80 55 72 72 12 31 77 61 10 97 14 17 3 60 56 7 90 57 48 46 4 76 85 42 17 94 50 
47 79 80 12 81 13 36 27 59 93 15 80 45 82 31 52 89 98 29 70 33 93 11 66 22 29 68 99 53 6 51 14 70 17 65 6 88 38 57 97 11 79 59 56 21 83 62 38 28 33 4 78 85 60 28 69 2 58 53 7 79 36 31 52 80 26 39 86 36 22 38 16 7 35 42 88 31 63 80 1 56 70 29 2 96 77 62 94 51 53 81 86 32 97 7 40 1 22 43 26 
25 37 68 29 28 93 21 43 69 16 37 59 85 13 5 28 47 32 84 51 70 61 76 63 52 90 85 28 82 81 1 8 22 72 11 77 85 3 10 89 75 26 98 57 63 11 38 6 1 52 80 48 85 38 48 30 60 81 80 41 89 75 51 17 50 85 54 78 7 76 91 95 95 79 55 7 62 74 84 26 39 17 1 99 30 33 12 67 14 95 51 37 66 27 61 9 42 97 29 56 
90 78 92 47 67 81 66 77 35 64 80 97 61 32 52 86 55 48 13 0 88 37 62 98 91 81 65 49 31 45 74 66 17 25 23 31 60 71 1 91 14 2 36 91 27 85 94 78 18 78 14 73 78 52 66 35 6 1 14 15 7 66 42 57 89 16 85 58 26 56 73 77 93 12 30 23 18 12 91 75 40 50 93 97 30 46 83 39 23 88 17 12 86 74 97 96 64 54 65 1 
49 67 15 33 85 45 90 79 61 4 82 53 95 1 22 2 34 85 79 51 32 58 14 96 52 14 72 3 24 46 30 99 8 67 53 33 72 77 34 90 64 90 53 25 19 21 13 1 59 37 31 76 53 81 33 88 22 9 61 61 36 34 57 16 98 15 56 33 40 48 28 66 96 58 81 95 90 88 97 9 76 24 50 27 76 78 28 1 92 20 77 53 1 7 84 95 21 17 42 67 
41 70 24 7 20 69 97 22 4 91 11 67 43 3 13 17 84 72 32 53 69 7 70 93 22 48 90 89 80 44 64 57 84 79 38 16 9 28 80 48 28 91 3 97 54 20 53 98 22 44 61 94 87 89 70 24 60 22 63 68 11 6 35 88 90 30 30 48 88 56 71 90 98 92 99 66 72 98 75 62 66 22 41 39 17 66 14 51 15 43 56 64 30 82 52 57 19 52 37 17 
76 56 83 65 17 18 27 50 85 68 51 51 56 88 48 6 73 3 0 68 84 85 21 56 50 86 62 20 93 1 76 47 12 47 71 34 19 6 39 86 91 12 46 35 51 65 43 47 59 19 70 83 51 77 32 94 68 0 34 77 10 81 42 63 83 82 28 47 73 37 94 43 74 38 66 39 9 83 28 89 87 45 54 20 78 6 77 9 71 53 80 57 73 33 56 34 45 9 33 41 
83 95 83 28 68 17 87 71 59 18 98 79 40 52 78 21 74 38 17 46 11 69 77 79 13 84 24 45 4 12 69 87 12 85 11 35 32 88 12 58 37 61 23 31 80 37 5 87 25 55 48 26 18 92 28 44 46 98 59 65 75 98 80 76 16 75 12 96 9 95 70 19 55 24 50 92 58 49 5 48 44 4 40 41 97 15 91 88 85 84 27 16 3 61 61 54 9 62 41 87 
30 80 92 16 90 43 50 63 35 37 6 60 64 37 57 94 38 73 39 75 78 35 10 62 70 69 94 64 74 65 33 78 26 19 35 30 88 56 34 15 43 68 37 9 42 47 11 36 4 96 60 48 6 33 64 31 23 41 55 57 30 82 30 71 63 38 11 73 63 39 98 2 32 16 65 79 77 97 38 25 63 70 33 43 45 96 88 80 21 73 71 92 59 94 14 95 26 4 90 21 
54 17 67 94 32 13 54 38 71 74 47 36 80 77 41 38 51 26 84 13 73 67 96 17 94 0 88 96 87 66 11 67 17 11 29 89 6 32 71 82 28 71 66 8 48 71 22 83 54 3 29 8 36 86 52 53 3 68 21 84 93 36 81 72 81 93 53 7 87 70 52 66 51 90 15 70 2 20 40 30 88 88 58 39 92 28 83 77 58 60 57 98 47 62 45 69 21 57 86 91 
76 25 63 94 43 30 84 40 10 15 16 71 47 17 82 79 60 59 49 45 1 13 56 95 27 11 84 88 22 32 91 17 40 14 4 16 48 44 13 83 66 90 93 76 17 34 15 20 78 68 22 27 17 64 84 19 45 14 57 51 20 57 84 90 13 61 56 97 69 42 38 21 43 55 7 54 60 8 76 65 64 95 25 8 17 40 72 39 15 4 7 19 34 35 94 37 35 42 8 61 
13 25 97 51 71 24 45 69 44 29 64 26 82 6 2 19 43 83 63 0 60 42 99 18 79 48 67 77 42 83 68 70 5 78 6 43 75 37 11 42 61 67 95 34 74 1 72 19 59 12 13 68 11 85 85 16 25 46 11 92 80 27 96 28 96 50 75 7 42 29 31 58 83 18 54 80 33 37 45 69 30 42 15 67 57 28 15 92 78 50 80 13 99 3 40 72 11 67 37 5 
30 61 38 3 93 34 5 81 75 46 8 25 59 36 52 34 89 76 79 0 97 88 60 87 4 70 55 16 26 56 29 53 19 9 7 76 26 82 22 15 66 97 68 91 54 53 73 18 26 14 46 79 66 91 38 18 85 1 27 39 71 82 80 94 58 41 50 21 6 31 85 96 10 69 76 33 38 69 42 72 46 3 78 42 82 67 28 50 32 75 64 47 79 52 16 29 71 34 60 67 
49 35 24 41 98 59 26 47 60 94 65 20 59 25 89 46 35 53 96 55 68 5 0 71 29 87 95 19 44 27 38 2 89 18 35 78 45 45 86 22 18 73 27 24 75 95 91 79 74 54 4 66 52 78 43 30 91 90 72 54 99 71 79 5 67 94 9 8 3 6 31 70 14 33 70 88 16 53 85 23 70 42 85 81 36 60 42 31 64 86 8 15 52 72 74 45 96 29 65 67 
36 66 27 91 41 55 9 71 41 81 51 95 17 68 99 14 96 34 32 53 27 23 10 7 3 77 84 21 54 92 64 79 21 59 27 26 5 95 0 77 51 62 28 21 0 13 22 3 73 58 24 26 7 16 1 31 93 27 58 11 14 95 91 45 4 22 60 64 87 14 90 84 73 22 37 43 57 14 3 42 56 77 95 43 27 71 63 42 41 6 69 55 78 50 1 65 68 69 14 87 
49 3 65 8 1 43 25 71 38 49 87 51 50 50 89 13 73 34 55 15 60 91 14 24 64 8 15 23 44 51 94 89 15 72 98 2 43 58 37 11 0 44 60 94 21 9 24 72 61 53 76 51 84 13 70 67 92 33 81 23 93 1 8 95 51 41 41 73 77 8 59 11 66 80 31 11 82 0 0 14 39 34 33 30 44 14 70 2 42 60 92 23 18 2 19 14 54 55 50 76 
4 45 22 87 10 35 9 16 22 59 65 12 1 23 85 69 1 16 86 32 70 92 51 13 80 32 8 43 23 21 23 80 10 98 45 19 46 83 37 44 89 35 68 54 48 71 33 21 81 8 17 59 23 67 58 57 53 85 68 98 86 45 62 64 41 27 22 45 19 58 4 76 9 64 63 47 44 39 8 33 62 30 40 76 53 78 51 17 62 87 66 96 36 97 11 68 47 78 85 62 
13 74 81 96 62 76 37 69 85 47 54 45 82 41 6 77 65 76 97 29 83 39 64 70 85 9 18 12 64 99 69 82 56 44 16 35 33 14 65 40 27 15 98 18 43 59 59 23 15 21 95 89 46 14 62 48 4 99 57 6 73 44 24 14 17 45 56 70 58 9 86 24 17 31 30 94 37 89 78 13 17 39 87 23 77 87 1 5 48 63 13 62 70 73 11 25 29 38 49 59 
63 69 92 87 79 70 10 59 27 35 24 4 28 74 43 58 50 23 78 24 98 12 48 88 48 45 79 4 98 69 82 23 83 51 78 51 81 34 2 40 0 53 15 65 3 76 80 60 99 9 14 4 15 18 66 83 17 89 58 6 21 50 88 67 7 66 28 0 70 37 22 38 35 16 9 40 32 96 19 27 75 3 71 3 55 87 11 42 54 84 12 15 5 85 4 33 58 29 87 69 
13 39 1 35 1 47 16 77 3 75 94 43 22 39 9 85 0 2 16 71 62 49 2 81 32 13 97 78 57 79 91 44 24 62 40 27 91 31 45 79 38 7 47 52 48 62 97 8 84 78 62 26 41 71 85 18 71 24 1 92 37 4 20 45 86 56 15 37 29 65 41 55 60 19 40 12 86 97 70 72 84 46 78 89 20 48 70 42 93 30 42 5 89 35 9 81 66 95 67 87 
14 6 49 75 69 7 38 86 20 94 1 61 97 51 58 40 76 31 77 48 36 22 73 68 71 21 71 50 29 25 12 19 31 36 73 90 75 41 63 43 89 48 27 14 5 97 22 48 55 71 51 60 87 21 72 73 50 86 84 92 4 83 27 35 33 69 57 67 2 15 80 71 97 76 69 62 5 68 54 47 93 76 50 11 62 93 67 85 45 74 57 39 92 50 54 47 19 40 31 80 
61 0 97 91 25 50 0 45 67 36 43 93 7 83 93 71 29 46 62 72 94 96 47 47 48 38 17 35 56 0 66 19 78 21 80 95 23 64 18 37 83 31 65 15 17 2 82 6 63 73 78 26 60 92 95 64 39 41 96 42 16 66 26 99 23 73 21 35 32 96 68 17 44 33 0 63 95 19 60 66 88 0 53 7 65 88 55 42 71 72 51 18 88 68 8 8 42 31 23 48 
8 84 71 97 34 65 9 21 45 24 31 7 48 52 63 57 49 19 58 42 96 94 24 71 47 70 2 76 15 27 71 90 46 90 17 79 7 3 34 94 95 27 46 6 94 62 58 16 76 35 8 58 97 93 16 12 11 21 75 51 15 47 73 66 42 57 66 30 32 58 13 27 17 6 8 6 66 28 22 16 88 35 55 99 50 24 96 76 79 90 77 95 25 9 31 5 96 86 91 74 
7 61 16 94 5 14 52 61 87 71 26 84 96 42 34 25 86 26 72 16 2 33 41 98 4 60 82 31 67 89 36 25 73 47 96 27 56 32 90 52 69 57 53 19 12 99 31 15 43 62 30 74 4 73 51 52 27 38 96 31 97 93 53 1 62 18 21 92 69 42 27 69 98 53 53 6 88 46 69 54 20 65 25 9 97 6 86 6 1 71 65 33 76 63 3 16 99 94 88 61 
76 20 20 46 48 23 90 70 84 48 12 19 16 85 4 42 65 48 73 92 35 82 98 52 4 16 60 40 67 61 62 39 4 91 32 62 93 8 78 44 27 17 18 44 92 41 53 32 67 0 28 13 97 46 64 85 92 68 41 74 21 10 41 28 10 86 15 50 45 98 57 19 66 99 97 13 91 65 69 72 3 76 96 91 20 68 13 88 19 79 97 87 67 62 28 23 53 67 53 89 
43 89 27 41 83 86 77 55 61 77 51 33 26 84 13 55 52 45 85 7 11 44 65 13 7 77 99 67 9 25 65 26 29 9 10 94 23 92 82 86 87 69 69 32 65 49 91 6 58 28 69 50 19 9 29 9 45 42 53 38 91 15 2 53 96 63 25 51 71 40 40 58 90 84 39 97 32 12 63 97 77 65 58 96 5 21 61 64 19 17 84 34 0 80 59 85 91 9 33 80 
82 28 53 29 20 50 59 46 21 86 25 89 8 11 3 27 65 27 76 12 99 21 85 24 70 18 16 81 66 38 59 15 98 55 73 83 8 75 56 78 93 58 91 63 48 89 11 97 38 88 50 17 12 42 80 16 46 91 34 98 93 30 29 8 21 55 46 17 20 41 84 31 26 62 18 98 59 16 1 90 28 60 7 93 70 44 53 34 33 66 73 17 88 77 33 96 60 25 27 63 
98 86 25 28 82 73 54 92 50 4 67 3 30 12 2 22 22 22 83 20 24 83 80 77 40 97 83 92 74 87 42 67 29 50 88 25 91 75 51 6 15 19 96 94 3 4 45 90 63 70 69 9 1 29 67 29 67 48 79 76 70 24 81 25 67 71 16 29 19 99 54 32 27 19 24 1 65 9 87 71 57 66 77 10 17 66 71 10 99 2 96 73 46 42 72 76 61 19 54 46 
22 32 65 34 69 1 71 93 93 9 37 70 34 3 14 70 31 90 99 69 49 0 57 95 64 64 72 88 80 51 16 26 69 31 24 48 77 4 39 57 85 95 82 30 18 40 16 81 72 7 5 78 23 60 55 71 21 20 15 88 93 17 81 83 69 7 90 72 89 57 75 62 29 71 6 5 53 75 47 46 6 56 6 25 7 38 78 89 8 83 23 90 45 66 28 47 50 58 87 85 
91 82 46 97 37 88 40 17 81 10 7 51 9 94 18 83 8 4 61 13 75 35 5 52 2 80 70 70 45 59 85 84 30 1 49 0 50 37 38 80 63 14 44 56 30 45 24 46 72 3 53 27 17 3 32 44 49 27 79 33 12 11 32 73 84 13 36 6 78 64 66 46 17 9 23 21 61 95 98 89 77 76 72 14 15 30 29 51 3 80 18 48 73 72 10 11 93 6 30 47 
46 23 30 72 38 84 52 59 41 84 39 84 51 36 91 84 11 61 41 37 15 84 65 84 52 7 64 79 49 31 31 14 8 79 57 42 17 54 75 12 86 71 24 27 41 89 7 59 74 28 78 35 63 12 66 55 95 34 13 1 84 41 95 31 46 23 87 84 27 58 61 45 8 51 90 7 47 24 62 53 53 58 44 36 84 15 3 21 35 17 13 82 50 65 33 81 17 93 90 37 
6 69 75 49 37 1 15 65 55 91 77 12 35 19 22 20 72 94 19 10 76 26 25 56 81 29 41 95 33 52 81 60 65 56 77 17 14 33 20 50 46 19 65 51 62 37 26 89 86 58 61 58 34 17 63 28 28 29 81 96 57 64 65 91 25 55 3 50 63 85 67 37 59 45 23 44 26 67 3 35 6 46 21 65 45 71 99 18 67 0 2 45 22 57 98 61 39 89 1 35 
86 46 36 3 20 42 15 19 48 67 9 16 99 16 60 37 19 52 54 10 59 7 33 98 23 92 46 34 44 1 93 43 82 14 45 27 99 0 20 82 20 59 94 87 20 44 39 67 16 68 1 10 20 41 78 88 2 98 31 55 31 80 86 76 70 52 38 41 47 76 9 19 93 4 89 97 16 82 97 58 23 11 98 18 26 85 87 96 64 93 23 20 10 97 14 92 77 61 12 0 
21 41 49 75 71 55 3 17 14 68 97 10 51 77 67 39 13 17 40 92 29 8 9 60 84 86 56 33 77 1 33 33 42 68 24 70 79 57 8 47 95 49 18 44 1 15 2 93 96 86 45 85 97 95 97 43 20 77 84 87 19 19 1 10 81 57 43 32 9 32 39 9 23 14 72 33 67 91 95 32 41 1 57 87 63 13 59 54 32 38 42 47 70 6 17 81 8 40 1 48 
59 2 5 10 4 61 32 91 61 42 56 44 93 42 68 4 95 70 68 49 69 21 98 47 7 81 88 65 3 96 61 25 74 14 32 44 17 43 65 45 43 20 95 10 35 69 9 24 71 25 0 96 73 24 80 20 64 21 48 34 24 6 57 10 89 38 81 22 56 38 16 78 19 83 32 7 80 31 21 34 60 50 88 95 89 17 97 74 70 26 83 39 19 73 74 44 93 78 15 52 
21 0 25 34 73 24 21 26 55 1 74 66 66 40 7 74 33 64 94 59 90 82 56 37 75 83 48 65 42 26 36 46 25 55 99 72 7 23 81 44 50 14 45 95 43 2 4 39 86 69 43 35 81 49 31 36 98 19 11 39 14 70 25 42 29 93 43 94 63 99 16 67 87 27 44 74 39 63 17 90 48 14 5 5 63 33 35 23 22 35 95 58 43 18 62 17 99 44 74 28 
97 47 23 56 73 11 19 93 75 81 78 73 53 11 8 96 56 16 46 83 44 27 53 32 45 36 7 20 73 26 26 95 35 50 5 45 59 65 39 19 50 64 20 84 75 13 32 84 12 67 99 58 61 70 31 28 51 79 29 3 50 16 42 35 49 3 57 26 27 81 55 94 81 56 98 48 57 22 13 39 72 55 73 58 25 59 70 53 37 87 36 39 36 18 5 6 4 65 95 59 
57 36 18 76 29 68 64 24 74 4 22 70 76 65 89 81 93 88 96 76 5 27 79 20 60 91 96 74 64 66 67 27 25 90 65 21 86 88 11 42 43 92 92 27 26 46 45 13 2 11 32 85 80 22 15 16 37 55 87 28 49 56 94 75 45 38 28 93 69 51 18 57 32 94 31 26 63 25 89 59 33 83 72 42 47 0 89 7 0 86 57 84 40 90 63 75 13 13 95 55 
14 87 55 89 34 37 65 14 59 53 8 93 82 54 13 18 75 62 9 90 63 43 83 27 29 27 72 64 89 15 8 42 25 80 98 65 25 96 33 50 54 18 76 35 96 18 66 69 77 39 33 88 31 83 64 70 84 15 98 84 32 53 18 13 92 51 37 64 18 3 52 10 65 10 30 40 97 77 29 60 62 80 11 29 8 68 15 27 60 59 7 38 7 51 99 88 78 17 51 96 
43 3 70 85 60 14 75 77 72 21 71 32 3 17 98 46 76 76 8 43 83 54 5 57 68 3 28 12 26 95 26 36 42 53 27 92 8 66 44 38 79 51 34 68 47 76 3 32 80 96 80 25 92 92 14 49 91 32 56 6 18 69 5 30 29 22 48 17 59 23 18 72 74 61 77 34 98 25 87 34 17 65 11 91 67 43 15 53 12 29 93 72 91 39 93 46 52 57 73 16 
82 71 2 54 82 57 96 87 79 25 23 84 69 77 62 45 58 24 73 37 22 6 13 88 76 81 55 33 54 99 74 96 24 63 74 15 0 20 52 73 4 74 97 23 12 66 72 0 39 68 9 2 50 89 51 93 74 11 61 26 30 74 52 2 49 37 52 84 40 87 88 0 87 8 42 49 61 16 39 32 53 76 82 77 32 52 66 48 55 30 21 34 98 64 57 98 70 6 73 69 
26 99 69 87 70 40 39 49 48 65 87 69 15 97 22 75 84 24 53 6 11 42 59 60 49 19 96 36 5 5 66 25 91 24 90 34 84 9 74 95 79 5 35 48 65 71 62 52 6 53 54 32 31 14 96 80 9 28 46 57 82 9 66 60 4 11 16 81 64 44 6 13 79 57 54 93 81 79 26 16 1 11 44 52 29 34 77 73 45 77 52 48 0 15 43 12 65 59 67 52 
1 24 31 45 4 48 59 60 14 71 14 31 86 23 5 21 11 0 10 93 73 89 4 87 45 26 34 67 46 91 94 10 18 74 77 46 22 55 78 68 38 61 86 37 13 72 36 22 40 35 45 5 92 2 3 63 14 13 89 13 28 21 46 85 74 16 45 87 37 55 82 32 14 50 41 97 15 73 28 57 35 85 89 60 55 13 94 78 8 5 75 10 34 94 86 89 20 22 26 22 
70 58 10 86 29 66 89 69 87 45 71 88 93 77 0 19 18 87 24 2 76 11 34 77 24 77 35 7 41 90 21 34 86 15 29 23 26 53 65 44 57 81 59 23 61 28 69 10 85 79 65 42 96 18 93 48 95 26 88 61 29 37 99 88 71 17 91 94 70 8 99 8 50 64 48 63 4 55 95 52 64 64 48 72 58 75 32 89 18 25 47 79 81 46 94 39 0 85 0 65 
85 42 85 39 24 25 31 19 80 38 33 11 93 87 76 29 82 47 8 73 65 34 87 90 37 18 33 35 40 55 63 16 62 46 61 81 22 23 44 89 17 35 94 41 77 47 1 61 56 3 73 18 16 45 74 36 45 31 58 44 43 15 67 81 61 59 37 5 4 49 87 88 95 29 11 17 16 2 36 37 34 79 94 12 39 69 90 70 66 73 55 93 62 69 20 17 11 38 73 40 
81 19 89 79 38 6 23 76 94 83 91 3 89 22 77 33 9 15 48 15 2 49 47 29 30 85 4 15 92 38 41 41 60 7 77 98 64 66 14 48 63 50 88 23 20 88 32 90 52 46 6 46 13 11 36 64 22 90 64 40 46 98 5 18 25 32 24 80 44 8 34 10 83 17 99 96 72 66 20 25 22 17 2 24 89 76 0 13 83 91 21 50 74 75 63 54 60 52 93 21 
27 29 51 11 81 34 47 35 84 37 98 90 19 39 13 74 95 86 88 40 78 5 37 54 53 89 94 55 24 91 34 17 77 3 65 3 40 14 72 10 80 46 76 38 13 58 88 45 32 1 84 15 22 55 56 76 39 64 61 42 37 73 86 43 13 14 48 24 50 16 32 84 44 42 45 77 36 9 54 31 32 81 50 71 62 51 54 26 45 30 27 76 58 19 82 42 9 43 20 50 
41 20 35 88 32 19 94 82 48 19 88 43 72 31 98 63 20 53 10 29 20 40 91 87 58 18 52 12 33 24 63 77 47 68 98 19 36 23 37 48 3 7 82 93 91 16 10 41 78 92 27 73 48 49 63 45 67 23 76 40 15 23 41 32 65 39 6 85 95 17 6 39 16 86 97 70 11 80 0 53 18 25 11 83 51 9 18 74 3 72 60 36 83 58 8 53 58 86 33 37 
50 0 0 6 76 25 95 97 0 53 61 24 59 42 59 84 84 25 39 64 57 91 76 72 34 45 85 54 76 81 74 46 64 9 42 23 64 2 83 97 27 94 97 99 77 52 21 10 91 27 36 7 32 15 84 97 23 69 50 57 42 34 80 67 74 4 45 46 95 55 54 0 47 62 11 35 89 51 92 38 49 52 40 6 28 29 86 3 87 29 85 4 26 50 72 51 50 28 2 20 
1 54 80 61 93 64 73 95 6 80 80 49 86 46 95 36 82 83 98 21 41 69 50 33 35 57 16 20 71 30 26 39 49 22 80 57 31 23 83 57 95 87 49 48 79 13 48 61 89 89 18 30 39 26 31 16 0 9 54 80 63 88 55 33 65 55 55 18 30 76 34 39 28 75 97 43 91 76 21 70 70 52 33 94 32 98 48 93 89 43 42 55 60 33 34 38 38 39 47 31 
3 90 96 46 97 83 32 10 98 36 33 26 31 13 98 92 13 24 93 40 1 8 96 25 27 28 83 26 60 5 16 83 6 68 51 87 39 45 80 38 85 13 72 61 32 43 32 97 32 82 98 61 91 55 57 25 87 24 74 93 14 19 23 54 92 64 58 38 7 17 19 75 32 64 48 3 87 80 66 62 36 52 68 50 98 25 83 75 52 72 96 66 68 77 87 70 99 74 94 63 
67 40 45 34 57 1 72 83 26 59 77 6 78 64 6 6 29 23 38 65 23 12 86 27 3 34 75 87 42 91 30 92 30 31 92 82 90 8 73 43 33 79 54 72 64 75 95 58 10 86 68 56 33 85 35 88 11 93 9 94 76 72 39 39 48 7 42 25 83 43 9 32 54 13 26 61 86 99 2 81 78 59 9 7 22 9 5 71 6 22 4 46 35 79 35 95 91 64 89 22 
83 68 4 13 60 76 24 3 57 16 25 97 90 90 92 2 21 39 27 87 34 62 52 20 40 26 99 56 14 18 46 23 62 78 54 23 9 45 62 35 9 44 47 83 85 18 14 22 49 62 54 47 9 37 34 54 98 2 28 60 77 90 47 18 39 68 27 28 86 14 51 46 96 82 61 48 94 4 25 29 83 22 43 57 69 51 8 57 32 86 85 50 13 86 42 26 72 37 30 12 
11 83 8 93 91 86 17 17 42 56 12 16 43 78 0 18 43 30 16 20 1 73 66 93 84 12 3 68 10 2 33 29 81 73 31 88 14 67 36 73 91 38 51 69 22 24 26 42 62 54 79 83 4 44 75 36 67 50 71 88 92 77 19 89 23 74 91 23 40 99 80 8 9 24 13 94 55 38 70 18 54 69 71 75 53 63 40 0 89 62 86 14 71 41 82 8 75 89 34 43 
78 94 85 69 3 93 88 14 51 85 22 39 89 51 3 54 87 14 46 60 81 65 42 98 36 25 15 20 50 54 48 0 77 21 32 86 22 74 48 31 69 82 11 29 19 63 12 51 41 16 49 20 54 58 28 74 38 61 46 40 30 23 13 67 61 98 8 77 39 8 41 68 75 51 14 58 6 16 94 81 44 76 76 26 88 14 56 61 62 95 25 27 72 91 50 31 38 52 73 48 
91 41 0 62 65 24 92 46 80 21 67 99 20 68 92 60 92 19 53 46 13 84 24 38 64 76 23 48 52 65 18 77 13 63 24 52 49 50 64 17 92 49 81 48 40 80 93 1 99 35 33 47 58 9 16 36 48 35 11 95 10 16 58 32 74 98 58 30 39 40 85 16 9 67 95 37 72 64 90 5 48 54 98 34 40 1 47 47 22 80 44 76 49 15 77 12 36 78 33 44 
26 93 79 83 78 94 73 5 47 86 20 40 95 76 31 28 22 51 36 9 96 52 39 74 82 69 47 51 25 14 80 39 68 58 88 87 46 1 10 9 90 26 66 86 77 15 73 65 95 42 35 59 81 55 53 61 11 90 71 7 80 97 13 72 55 85 39 39 34 64 6 52 8 28 14 65 8 99 4 48 26 31 7 80 57 77 21 20 13 29 35 99 78 41 17 18 32 54 94 59 
57 27 24 48 29 72 11 30 80 62 98 64 58 97 8 24 28 80 10 5 35 24 36 51 79 45 54 19 87 55 76 63 26 84 55 5 47 97 3 37 61 18 6 9 71 81 5 79 75 1 84 95 45 16 42 0 74 35 72 53 25 73 95 90 17 81 59 39 75 50 57 69 45 96 81 62 70 41 72 30 40 3 4 76 14 96 3 62 61 87 67 39 26 41 9 13 53 69 56 47 
46 69 17 99 2 63 2 21 24 49 43 39 47 5 26 99 66 69 1 44 20 54 53 18 7 5 54 40 0 66 5 2 51 67 69 67 99 22 78 6 92 2 16 64 22 82 37 45 50 1 85 14 96 67 99 98 87 60 97 45 66 7 40 82 88 68 36 12 99 97 3 8 4 63 63 25 62 84 77 50 62 17 23 80 39 38 57 30 58 0 24 51 52 4 77 82 26 98 49 84 
38 66 39 55 96 0 59 44 78 81 56 43 54 93 43 30 33 59 44 76 73 31 99 33 23 83 68 73 64 65 12 65 31 44 66 74 0 9 60 43 68 30 16 8 81 22 69 46 40 75 37 18 8 49 93 20 32 23 2 42 22 23 99 40 39 75 72 34 69 18 52 72 7 13 49 63 77 93 53 57 55 6 93 92 64 28 54 43 51 89 6 43 36 52 23 47 87 40 3 61 
50 91 30 25 30 24 16 95 17 48 75 33 26 25 28 6 26 72 59 18 39 48 69 23 28 32 82 38 77 63 35 53 39 45 56 5 8 7 48 39 75 28 79 26 57 99 76 84 15 10 78 39 86 72 88 86 32 58 90 77 0 24 93 33 10 76 50 54 18 83 53 84 83 37 19 89 50 13 30 89 4 60 53 98 45 3 89 29 21 82 54 46 62 35 40 24 40 57 55 55 
42 97 28 77 45 66 0 29 71 81 89 14 0 62 39 40 35 7 52 4 53 33 35 73 58 50 53 74 86 4 15 17 41 26 31 37 14 35 38 15 67 20 30 41 76 60 92 64 80 34 76 55 91 93 68 71 65 33 28 26 37 66 93 17 85 31 28 90 22 38 11 67 69 20 67 28 78 73 10 1 85 20 38 29 59 2 25 32 79 93 50 27 10 87 76 9 1 40 61 37 
41 49 1 52 3 34 46 2 5 56 65 14 95 83 11 92 30 91 56 9 43 87 2 65 21 90 55 91 59 70 42 25 81 92 3 64 67 20 67 90 40 5 1 81 79 25 27 23 41 29 80 75 50 2 20 59 13 77 18 42 45 46 24 76 79 55 36 29 78 17 38 1 78 4 6 0 22 84 76 50 16 40 39 39 20 21 22 39 76 50 33 84 28 20 17 86 40 48 66 45 
28 97 40 14 43 5 36 60 32 57 36 58 59 44 83 59 74 8 92 69 96 7 46 59 98 52 93 17 57 75 70 74 11 32 62 95 23 91 2 46 69 65 27 10 18 5 43 86 7 39 92 10 13 53 29 33 38 6 80 74 35 33 29 42 45 77 7 42 15 41 41 99 5 63 15 75 29 34 16 33 91 8 26 83 77 87 10 67 36 73 68 33 19 50 49 32 7 40 70 51 
53 81 32 64 96 7 63 4 74 35 75 83 85 86 4 98 69 38 22 42 49 83 50 54 98 37 42 57 70 5 72 6 29 51 54 43 15 18 5 55 21 12 61 83 92 30 9 0 95 58 23 62 82 92 52 48 88 51 74 77 77 74 16 47 2 33 86 36 68 81 96 93 69 81 92 14 28 49 57 42 36 59 55 61 73 82 61 8 36 4 57 94 47 76 38 15 10 99 29 97 
41 10 76 54 67 4 99 89 53 0 91 37 91 18 30 83 36 12 32 71 43 76 87 25 16 32 44 63 54 48 98 46 14 48 47 72 45 85 27 77 72 53 5 12 89 48 2 12 90 47 81 26 20 20 40 28 7 36 79 47 7 62 23 73 4 13 9 77 76 60 93 54 23 65 87 24 50 87 5 33 32 31 71 5 7 1 75 19 30 50 64 24 71 71 93 37 25 72 45 74 
36 93 24 56 29 60 69 58 97 58 45 58 66 42 31 87 95 29 91 1 51 24 34 69 0 47 57 50 29 82 81 46 3 75 6 77 49 21 93 47 48 46 27 47 52 4 97 1 53 96 33 6 88 52 93 54 27 62 48 53 99 15 73 21 62 84 88 26 0 43 57 55 84 61 83 62 97 13 50 2 40 46 36 69 93 82 97 7 89 48 60 87 69 70 91 54 66 58 4 75 
17 41 74 77 2 27 77 34 20 29 38 67 31 67 34 19 46 77 73 28 29 72 54 73 37 14 22 86 87 16 50 58 47 34 56 47 43 79 53 31 22 52 13 34 49 5 28 42 52 43 49 52 78 62 63 39 38 31 34 72 36 92 23 37 62 48 5 10 91 26 20 67 16 66 4 54 23 78 65 88 37 99 24 5 84 66 21 73 80 63 6 89 76 75 0 61 30 4 17 19 
37 86 30 2 12 47 69 85 73 1 7 40 8 12 2 53 6 39 99 68 81 26 24 68 15 60 75 38 60 92 41 79 34 0 12 5 55 3 23 56 86 51 44 31 74 18 78 66 76 25 39 4 95 28 75 87 9 57 78 13 19 49 29 33 59 5 85 21 15 27 61 32 47 67 98 36 85 76 55 68 74 66 54 33 98 56 40 61 89 63 46 17 3 98 27 94 82 82 55 75 
