100
66 18 25 30 44 35 39 28 28 29 55 45 2 59 41 78 49 78 56 23 95 29 97 63 65 54 96 41 95 34 25 74 59 84 52 46 92 24 10 59 32 84 65 25 45 89 35 23 51 54 28 86 92 49 20 76 55 82 37 68 28 15 3 83 92 92 59 81 15 64 67 53 8 6 93 34 12 73 68 34 87 47 94 65 54 19 73 48 94 84 10 49 73 88 66 96 28 3 61 48 
82 32 1 64 37 67 58 64 84 49 71 68 56 22 12 46 84 7 37 82 54 91 30 72 21 99 64 92 40 19 6 34 23 37 6 73 89 92 45 41 82 45 87 80 26 29 55 53 0 17 74 18 51 72 61 8 83 74 19 67 82 32 94 50 52 72 29 2 58 60 81 93 14 73 49 63 38 33 96 88 57 36 27 45 91 60 45 75 76 59 18 65 19 32 31 24 68 95 59 40 
83 75 23 66 28 77 42 92 23 28 0 40 51 8 52 76 99 1 92 14 11 35 45 17 33 22 84 28 3 47 50 45 68 94 41 89 9 57 86 44 37 80 41 48 83 99 23 42 64 30 26 17 27 42 85 19 80 0 36 46 6 78 37 0 3 85 10 4 8 39 2 64 34 83 84 54 78 29 63 87 24 3 37 21 5 46 1 7 6 32 7 29 55 39 93 98 70 33 74 32 
57 41 85 56 22 81 26 83 22 47 33 34 32 16 15 41 20 32 85 51 40 86 1 43 71 95 1 74 94 71 15 33 64 15 72 43 26 60 76 60 46 87 47 52 73 97 25 38 27 27 26 14 20 72 1 14 71 24 79 78 11 4 39 96 22 64 22 13 16 29 47 25 7 75 49 73 59 46 11 98 8 70 65 65 89 23 81 29 26 77 27 81 84 11 68 76 50 36 40 37 
28 83 30 94 97 58 50 72 84 15 62 81 65 44 40 95 88 18 53 17 84 84 79 81 42 66 31 7 17 24 85 41 83 69 46 64 37 47 49 79 12 12 41 1 74 17 33 22 11 58 92 39 25 7 77 2 2 20 96 37 70 3 25 90 20 42 84 38 16 45 6 83 83 26 36 49 82 98 83 38 91 66 0 9 56 46 61 17 15 74 47 80 95 53 54 14 29 99 73 42 
43 35 11 73 74 47 1 5 20 59 5 3 6 64 59 72 32 73 4 42 69 64 73 60 33 38 3 18 57 93 89 20 29 20 41 27 90 59 47 6 57 12 15 86 72 76 36 24 53 40 52 1 37 96 30 68 42 0 54 72 6 12 35 91 59 76 92 11 86 88 94 84 34 72 87 99 67 9 47 62 89 73 81 83 6 46 67 17 36 21 13 21 18 54 44 97 15 63 89 44 
37 92 65 42 59 50 80 94 42 86 99 85 91 11 5 13 41 38 7 30 78 33 45 23 59 66 28 30 68 64 1 64 67 65 46 80 50 95 95 57 66 32 50 86 58 92 79 43 84 64 11 97 14 56 60 36 75 86 97 72 75 47 97 95 59 50 56 53 89 55 82 41 24 55 3 16 5 1 64 29 28 86 90 50 67 44 61 65 13 94 59 69 43 12 76 87 3 95 29 21 
80 25 3 14 85 78 96 82 0 6 34 47 42 72 1 95 53 94 12 27 8 99 97 92 62 6 18 54 85 64 54 34 36 64 64 46 86 81 34 97 5 30 61 56 1 52 24 10 18 31 82 99 91 87 17 97 22 10 43 36 19 44 33 72 62 15 78 23 95 42 73 87 84 70 86 36 60 29 87 97 28 71 91 53 96 26 66 31 36 99 21 45 41 9 88 53 82 58 94 46 
69 69 98 53 7 64 70 62 96 70 61 25 81 43 98 96 37 14 31 5 69 23 64 3 38 62 71 32 3 77 75 21 8 87 13 38 76 30 53 79 39 12 3 89 99 89 11 27 48 65 37 79 10 49 15 81 19 63 51 72 48 62 51 52 77 73 75 29 88 41 15 58 31 54 36 45 64 76 38 73 73 93 74 82 0 45 4 42 15 1 65 41 31 24 24 3 31 57 98 91 
96 42 4 88 34 82 42 66 2 90 42 72 54 39 88 91 49 87 35 54 71 43 46 5 56 5 0 86 16 18 76 34 64 34 45 17 75 68 69 61 26 54 36 40 56 60 31 81 10 19 37 45 89 22 87 21 75 43 88 11 0 90 63 20 62 41 22 7 51 21 38 77 42 50 5 24 42 44 56 24 22 60 82 23 36 57 3 67 45 65 37 36 61 65 60 38 96 41 97 14 
76 25 38 43 25 60 94 93 13 30 84 62 35 24 75 83 41 46 96 17 82 63 66 91 39 50 89 62 42 82 26 46 27 32 68 73 73 67 62 35 68 89 83 6 42 71 63 4 19 0 74 85 26 83 22 67 23 66 93 53 88 66 85 54 21 76 41 33 72 50 2 55 70 31 65 25 59 70 14 6 18 56 22 8 63 31 96 37 18 96 95 36 52 0 12 26 42 63 86 88 
60 19 48 6 51 9 31 54 49 7 52 60 93 23 83 46 71 82 23 22 52 63 25 24 72 3 14 85 78 4 91 26 30 38 9 65 52 47 10 79 17 33 67 66 63 20 25 0 87 26 83 31 44 85 37 44 32 90 11 1 69 69 20 27 53 35 6 91 61 42 23 36 34 29 29 90 61 31 20 56 96 60 49 38 75 27 40 80 92 71 70 43 87 26 23 81 98 58 71 9 
66 63 64 33 48 58 73 77 5 26 5 23 8 63 90 25 63 71 45 77 2 86 62 24 93 52 66 98 55 21 27 91 58 74 92 20 86 9 73 71 79 52 61 94 52 19 20 6 49 91 43 38 41 40 80 38 28 79 35 96 5 48 98 32 86 22 16 93 42 4 43 23 34 69 69 11 68 15 38 8 28 49 84 64 97 54 34 26 25 47 14 73 71 71 93 96 74 16 11 61 
2 67 25 92 76 61 59 84 62 63 15 58 80 8 3 68 53 67 31 7 97 15 98 72 27 11 73 10 24 25 54 55 30 54 95 26 74 98 31 60 6 18 23 0 81 18 32 51 64 82 86 20 10 56 73 40 13 18 0 16 9 8 82 85 47 73 26 62 32 22 55 49 85 52 22 13 87 55 32 48 15 28 14 20 41 61 42 81 97 36 87 40 92 78 11 79 79 49 13 46 
98 12 89 30 59 22 82 77 66 88 77 65 21 15 2 41 7 2 5 55 77 75 44 54 4 83 2 18 52 99 39 0 95 68 5 55 43 8 26 29 83 56 26 40 41 26 4 21 19 56 37 10 10 8 41 35 11 7 12 84 60 7 15 20 53 7 47 21 37 90 95 83 0 47 71 45 85 58 5 94 77 54 31 97 89 2 18 84 85 70 88 23 40 43 59 1 97 11 35 47 
16 98 72 51 22 33 92 43 92 45 59 96 16 30 33 30 60 96 79 63 50 57 68 20 35 71 75 59 81 28 83 36 6 8 48 29 62 31 30 13 33 26 26 89 59 85 7 74 19 17 32 50 82 81 9 87 6 68 44 61 45 4 13 77 79 51 97 39 87 20 18 78 66 3 41 73 40 87 77 6 12 56 39 59 19 59 19 26 21 91 88 49 43 86 14 17 7 81 65 52 
12 10 34 13 69 5 53 17 82 81 34 39 93 8 29 75 75 62 38 24 51 26 5 41 3 85 48 32 50 17 91 99 77 78 24 16 79 60 96 90 92 14 5 80 38 81 9 97 51 87 58 31 68 23 90 93 57 30 90 8 53 6 13 24 87 67 30 53 0 5 41 98 83 62 91 2 80 91 5 46 38 37 5 37 64 79 99 83 34 86 14 41 4 63 71 63 90 1 45 74 
33 17 90 20 71 37 14 69 45 70 41 46 80 94 58 88 75 84 14 14 60 43 96 35 30 5 19 31 24 98 83 93 6 64 28 71 2 82 38 84 26 0 80 8 90 80 53 0 88 83 20 20 94 76 45 25 15 35 37 94 14 37 24 88 70 10 3 59 84 32 4 48 57 32 2 34 95 74 80 17 0 43 69 77 50 55 63 73 72 72 28 65 9 86 33 89 90 68 40 16 
37 6 73 84 72 38 21 62 10 57 18 25 16 27 71 69 11 27 17 41 22 25 80 35 96 77 27 98 8 85 71 95 24 23 39 69 37 73 82 4 67 60 2 6 59 85 97 26 68 92 89 3 15 33 29 92 40 64 94 5 29 1 41 88 9 88 75 71 20 77 20 20 68 37 50 62 99 28 50 10 30 92 65 6 84 16 62 70 55 35 31 30 11 82 35 27 15 57 15 93 
44 76 70 5 59 86 55 48 60 99 7 5 44 1 24 35 78 61 98 63 78 26 8 56 16 35 65 41 56 60 66 33 9 24 8 39 7 96 33 65 15 68 44 17 27 0 94 87 47 73 51 18 76 27 92 10 57 67 39 11 35 38 21 81 78 33 0 56 34 94 87 95 76 58 84 53 74 50 94 31 21 3 57 84 40 64 94 6 23 2 78 93 73 24 89 30 38 48 72 89 
59 71 43 80 30 47 36 70 69 26 49 62 40 75 88 70 86 77 21 17 69 48 77 24 73 76 87 75 2 97 60 20 80 75 50 5 99 74 63 39 63 74 86 77 93 21 6 69 6 59 45 94 26 77 7 19 72 49 22 13 59 29 97 54 7 74 99 15 43 6 58 73 26 42 41 9 38 66 52 77 85 97 93 70 23 3 42 11 28 10 68 41 62 70 64 20 26 25 80 54 
90 90 85 89 46 96 4 65 53 83 73 12 63 15 96 1 41 71 55 28 28 44 12 78 91 16 56 99 9 65 50 33 50 13 53 57 27 5 78 94 19 20 81 6 56 17 61 1 59 31 47 2 25 8 97 46 11 15 79 78 14 31 50 63 70 6 86 18 71 42 56 44 78 53 63 23 97 61 19 28 40 0 75 25 99 55 59 4 45 32 94 91 7 45 44 9 70 49 96 6 
44 45 82 14 19 3 52 19 21 90 34 19 53 86 33 37 82 48 20 29 93 54 93 54 37 67 91 9 94 17 37 65 6 36 0 39 91 53 88 82 12 73 17 50 42 92 29 75 92 82 1 5 21 8 91 56 0 57 48 74 57 26 38 66 63 62 26 7 43 18 3 69 97 50 63 54 37 23 66 35 11 65 36 10 98 98 44 21 88 90 73 11 27 11 83 72 13 19 70 18 
81 37 88 95 41 3 84 77 60 31 45 84 48 52 11 56 27 53 91 6 64 1 86 38 93 56 79 49 24 13 45 57 39 35 41 63 81 64 51 7 4 50 36 53 24 71 42 53 58 67 75 49 55 18 2 32 45 6 69 18 67 18 75 94 90 54 90 40 56 74 33 20 61 72 91 89 4 70 48 32 80 49 97 28 61 11 88 63 3 54 95 42 75 85 81 74 90 19 46 83 
12 34 36 11 97 16 10 52 14 25 20 88 66 52 54 2 81 69 39 58 85 27 94 57 92 54 29 81 21 41 66 46 21 28 6 23 36 68 60 17 93 85 96 8 30 74 37 63 90 96 65 63 2 69 92 10 92 76 13 59 55 90 33 83 52 35 61 73 80 43 35 95 41 97 70 5 79 63 30 7 65 9 62 23 50 20 70 10 71 71 4 57 57 36 13 61 73 34 55 34 
40 84 44 85 4 59 32 61 70 22 59 82 91 87 62 6 1 65 88 53 63 24 82 69 85 52 23 62 27 61 0 83 76 42 39 60 1 34 58 0 16 71 12 61 49 95 72 86 68 94 56 72 75 5 97 68 7 57 20 42 86 45 41 3 95 93 2 9 20 39 80 24 76 76 56 73 15 88 44 58 85 10 43 33 49 56 53 92 9 70 87 96 38 55 8 37 41 44 69 60 
31 55 36 15 8 54 94 77 21 3 88 21 41 48 39 99 13 78 50 97 5 93 35 49 19 57 65 24 91 0 3 56 66 32 74 56 28 97 83 37 96 63 11 81 4 34 33 43 41 60 21 25 92 91 86 66 32 20 34 10 79 44 50 49 26 8 66 48 68 18 51 91 32 86 61 96 14 27 14 29 1 2 24 35 47 19 72 20 55 53 26 67 70 55 13 52 76 9 49 21 
68 49 76 17 40 36 4 10 48 4 6 27 73 20 50 6 81 88 66 20 89 28 27 52 22 91 77 95 56 43 82 19 29 89 30 26 10 71 15 70 81 46 52 85 58 31 97 9 40 64 84 17 94 52 31 85 34 82 56 7 1 22 87 21 20 64 74 95 66 53 42 61 74 6 45 66 4 89 39 74 27 19 31 89 41 91 46 31 40 15 41 71 83 23 36 31 67 35 24 4 
17 46 14 62 31 59 87 90 56 32 45 54 24 90 29 69 75 49 57 77 80 20 8 57 97 46 58 78 17 56 49 63 25 59 7 79 20 9 77 31 92 43 27 74 50 90 36 37 50 96 18 5 55 75 85 46 81 47 6 72 61 26 74 61 41 92 22 27 27 89 75 21 78 5 5 46 83 36 36 76 54 67 91 81 50 84 11 60 43 88 52 91 94 32 37 34 78 88 18 4 
60 42 8 26 99 72 32 83 97 7 98 56 43 97 52 0 6 20 92 82 84 43 2 59 11 22 59 35 21 94 80 45 30 77 59 36 98 96 21 65 39 49 63 5 23 56 84 12 47 62 20 47 62 53 49 25 65 53 81 79 5 32 24 94 83 11 22 89 78 67 64 61 88 58 40 32 37 42 5 0 36 34 94 12 76 84 73 53 7 98 65 0 84 9 8 86 71 34 61 22 
58 78 1 8 62 10 27 76 37 24 99 50 55 61 75 29 94 7 20 55 28 71 13 43 38 27 91 86 27 20 28 24 7 67 36 58 83 0 98 66 98 65 41 52 71 24 0 53 62 42 45 11 9 73 28 49 42 60 80 45 39 17 71 5 91 37 4 23 73 13 88 29 66 18 58 61 27 60 55 69 59 50 47 66 61 52 86 35 80 88 5 22 63 36 99 77 74 25 6 50 
74 68 50 0 66 99 80 46 11 7 4 43 92 25 94 92 35 18 90 87 86 80 21 30 86 85 78 19 70 19 58 68 62 49 76 72 93 36 92 44 34 85 70 50 38 91 36 64 66 92 66 3 87 17 8 55 13 29 1 42 20 18 3 7 4 50 90 65 51 53 68 61 10 75 79 95 17 33 56 43 95 70 85 80 56 29 75 12 85 69 27 89 52 15 55 85 7 21 24 80 
27 69 37 24 25 72 9 67 53 46 30 53 39 4 78 97 47 27 20 49 71 73 75 58 68 26 89 32 70 34 82 11 83 34 6 3 43 47 66 3 90 93 1 56 8 80 95 61 59 18 74 68 85 15 37 81 16 74 41 6 37 57 0 22 82 48 80 19 82 29 28 86 8 14 82 3 14 0 70 12 95 50 68 21 79 44 95 95 65 51 96 36 34 24 69 85 9 13 30 51 
50 50 17 54 95 8 6 30 66 92 59 10 23 91 88 9 80 66 95 51 70 76 16 18 3 28 7 12 38 14 87 88 84 51 76 47 15 8 95 93 42 66 33 78 95 78 41 0 13 64 72 5 35 63 36 62 9 65 61 31 34 19 30 63 62 23 29 57 38 74 8 18 80 94 94 57 22 12 96 10 15 86 69 97 9 88 62 16 79 44 42 90 70 28 35 27 72 89 9 47 
16 83 63 23 15 20 27 8 11 23 42 31 66 86 19 97 23 35 66 5 86 11 11 3 29 49 36 28 35 59 13 71 34 60 8 48 95 86 22 25 89 94 72 36 15 10 10 93 86 32 98 91 25 57 46 21 59 98 86 46 65 22 87 23 12 19 26 78 6 74 10 7 14 32 68 3 30 29 90 58 4 38 70 88 26 51 15 59 8 42 29 47 63 86 69 20 96 53 4 50 
45 62 72 26 73 61 26 67 17 13 14 93 71 69 90 16 3 30 12 92 99 98 80 39 75 29 47 67 6 78 22 9 23 90 77 79 31 33 6 99 62 15 57 11 76 20 18 3 90 22 75 6 74 89 93 30 73 25 86 14 73 53 57 14 0 83 68 60 3 4 78 27 62 80 71 75 18 28 97 34 16 12 18 21 45 31 80 21 80 68 4 86 61 68 11 43 99 70 32 30 
9 90 66 52 94 75 59 79 49 96 6 99 5 29 75 96 11 60 59 97 14 22 60 23 69 78 95 79 58 82 18 22 53 41 76 44 32 96 95 28 76 0 40 92 38 43 63 79 97 91 6 60 30 51 63 40 23 54 0 76 2 63 28 91 60 8 38 45 49 38 89 62 33 55 56 86 11 65 0 97 14 57 6 35 94 66 79 63 53 97 7 60 49 81 84 11 59 26 12 44 
48 62 68 15 39 18 25 44 74 92 52 94 56 18 20 57 54 32 5 79 11 95 37 5 11 7 87 95 0 40 98 58 98 5 43 92 75 53 30 17 90 12 61 31 44 32 86 10 55 5 2 98 31 84 51 28 18 93 29 7 98 54 78 79 51 68 18 93 3 60 84 8 15 80 0 63 2 1 51 43 2 14 80 58 94 83 4 51 85 28 70 41 28 40 5 15 78 61 83 43 
49 39 48 45 64 20 56 81 29 48 64 28 29 20 52 42 28 98 72 0 48 1 36 3 34 64 78 98 24 48 19 67 74 2 69 46 30 36 31 87 98 30 20 91 23 32 21 63 83 4 35 15 81 36 42 8 88 78 89 88 85 54 50 34 13 54 46 18 61 97 56 45 79 54 17 9 72 80 13 92 21 5 81 77 95 91 47 76 85 21 47 16 13 81 31 40 48 11 80 28 
65 62 65 37 91 26 26 18 4 15 62 61 91 8 41 70 47 64 44 51 21 78 86 69 72 5 8 43 52 8 36 21 14 97 22 94 59 76 90 86 44 27 82 59 31 26 71 69 64 41 22 65 32 70 11 37 89 10 87 49 94 64 18 71 25 50 18 1 65 63 43 20 50 4 63 2 15 67 95 29 81 76 70 92 93 77 85 62 80 26 51 20 21 39 2 88 75 41 84 86 
60 77 27 62 2 36 15 36 97 60 21 63 14 16 34 73 87 50 94 7 33 20 78 21 5 53 74 51 47 4 80 73 31 86 39 41 3 11 64 3 34 56 91 68 97 21 29 12 87 40 63 82 49 81 49 79 2 39 19 4 72 90 9 90 94 71 38 99 31 6 23 86 20 22 93 70 27 49 32 8 84 46 71 73 59 35 42 92 77 22 61 55 72 67 65 48 48 56 42 29 
71 66 36 4 21 1 68 92 96 81 64 32 44 26 18 15 32 59 88 23 98 58 78 2 82 48 45 4 45 29 57 19 16 9 36 23 39 44 63 13 17 26 0 81 89 96 38 9 96 46 45 53 38 73 78 2 26 86 49 71 73 14 46 42 75 59 88 12 26 4 84 87 4 89 5 38 13 21 69 22 69 69 19 94 45 8 71 76 91 36 86 76 79 23 53 34 23 79 78 48 
82 2 79 21 37 19 28 10 33 21 65 19 12 20 36 88 61 89 73 14 8 64 14 79 81 2 77 0 35 57 35 15 1 51 55 95 52 89 6 49 40 50 45 77 44 83 11 47 32 9 15 51 5 80 16 34 33 41 91 69 93 88 40 53 17 25 8 51 91 29 1 6 5 8 90 96 37 47 46 42 72 97 3 94 4 76 93 67 47 52 7 41 3 91 55 48 64 16 89 65 
52 80 77 86 54 29 20 82 39 0 78 34 66 25 54 8 35 85 95 58 57 55 68 52 63 16 77 66 79 87 90 87 43 4 10 99 90 79 39 70 84 78 10 49 65 73 8 49 36 8 94 3 53 92 24 41 3 62 66 55 0 82 74 30 31 69 32 22 28 77 86 34 37 46 4 19 53 21 90 50 69 61 15 32 67 33 32 42 49 33 73 51 36 59 50 12 5 22 95 21 
51 97 93 94 51 72 66 35 93 27 3 28 81 30 0 93 66 6 9 80 41 28 11 17 82 19 27 48 47 23 0 28 32 12 62 70 62 1 19 86 57 2 9 19 3 65 83 87 63 78 52 51 2 47 34 43 47 60 33 51 65 87 23 42 27 90 70 15 61 84 28 0 73 61 27 24 42 81 66 7 20 16 97 27 99 0 2 7 80 15 5 54 88 28 15 99 66 68 30 53 
46 21 27 64 97 45 74 78 32 9 18 89 8 66 17 7 83 7 87 46 41 83 89 62 94 76 42 44 34 82 84 78 56 90 28 47 72 68 13 61 66 24 66 20 64 87 89 20 38 37 27 92 97 66 0 65 48 45 67 5 71 0 7 91 3 33 74 15 56 53 64 66 58 38 12 13 91 75 60 21 87 1 16 40 95 4 67 0 98 94 85 21 50 59 2 32 15 6 7 22 
48 15 82 96 95 3 27 92 65 40 87 18 50 31 62 74 97 43 16 40 19 48 87 18 37 59 24 5 5 82 39 8 16 49 90 53 34 81 54 78 58 69 0 78 20 4 75 82 13 73 47 36 58 50 19 31 43 2 5 83 47 65 6 22 7 93 36 84 90 44 84 47 33 71 25 8 79 36 57 96 71 56 86 81 3 83 99 10 19 43 12 2 73 54 8 26 97 68 9 20 
34 94 14 79 17 2 39 84 79 96 80 82 67 58 62 93 90 68 92 41 55 13 59 74 18 70 4 38 97 4 50 4 64 18 41 35 93 13 64 22 89 36 26 92 60 14 24 66 11 19 94 16 83 98 5 61 16 15 20 99 88 56 85 49 32 95 27 28 60 44 95 44 12 91 7 34 43 8 42 11 3 19 6 80 30 54 28 10 75 68 23 84 9 4 19 67 81 91 8 48 
41 99 66 68 42 24 20 4 37 79 45 6 21 31 35 61 49 61 0 86 22 7 31 60 34 89 24 21 39 1 20 88 99 12 23 15 3 78 0 37 52 28 85 59 70 65 60 68 61 86 82 7 50 76 67 50 78 31 69 52 65 70 70 34 12 19 92 90 25 73 35 10 18 66 60 68 66 32 49 81 40 39 75 86 86 93 89 38 77 80 38 90 26 70 46 62 42 72 27 78 
83 25 62 98 87 86 61 88 92 10 94 43 22 88 49 20 69 27 16 13 60 64 87 38 35 96 81 63 72 95 38 35 29 25 66 87 90 65 33 47 33 29 65 91 78 24 97 38 83 60 8 11 75 46 30 33 7 5 73 68 51 36 88 76 29 6 55 59 45 79 76 50 51 91 60 80 14 68 62 62 1 90 97 13 94 6 88 51 20 45 6 29 81 88 33 8 31 11 80 63 
85 32 66 93 64 86 68 94 66 38 81 3 59 89 4 90 77 83 30 38 51 31 97 35 6 93 96 61 32 56 17 31 62 41 18 5 55 21 91 81 61 14 26 75 26 14 84 87 94 52 85 44 18 42 68 62 80 31 33 48 92 17 23 6 88 84 12 29 12 40 54 4 18 20 5 29 74 2 19 41 77 69 10 52 65 19 91 58 63 51 63 76 36 48 94 10 32 9 61 43 
14 32 85 75 41 23 91 62 80 96 40 91 84 43 18 81 87 90 15 54 42 70 40 55 51 23 98 33 78 31 4 26 56 59 80 16 0 89 32 55 25 58 16 85 45 90 98 89 29 86 94 41 31 39 3 63 32 83 98 34 30 33 73 55 71 11 60 48 50 97 77 44 76 44 88 66 99 36 24 68 43 17 33 21 52 59 85 39 32 53 50 77 59 95 50 5 40 3 63 46 
11 74 54 70 50 74 46 93 5 20 36 11 49 42 79 60 55 37 46 44 22 14 39 47 17 3 20 3 74 72 61 38 93 79 80 60 15 92 0 23 22 91 56 84 42 51 0 42 66 21 34 40 83 13 17 93 71 25 95 6 15 56 23 39 8 31 85 33 63 55 35 14 42 58 75 42 3 12 45 67 99 81 41 20 93 13 49 78 75 80 77 41 56 10 78 6 46 74 33 7 
86 70 92 45 19 17 52 28 74 75 70 67 89 15 51 65 37 66 78 5 61 73 17 16 20 20 12 74 64 77 69 6 6 36 93 26 2 74 93 79 57 19 55 48 18 72 54 69 51 14 23 72 44 46 13 53 48 21 42 35 88 70 93 58 40 81 38 19 77 33 22 97 87 7 19 15 99 71 24 54 20 89 5 99 3 41 6 56 59 62 76 30 67 45 82 10 70 12 75 99 
33 99 75 13 71 72 41 71 18 82 74 73 57 77 13 14 61 42 37 63 0 87 2 13 2 63 91 84 75 0 40 4 9 64 71 23 3 25 52 15 32 75 27 31 17 19 34 57 66 45 95 24 57 1 70 90 52 81 48 48 92 96 99 17 53 94 64 13 84 81 84 34 52 29 41 92 41 48 0 20 51 24 63 36 33 10 39 47 94 0 72 81 84 24 34 12 79 49 42 63 
86 18 94 18 49 41 0 8 32 46 99 47 84 62 44 48 45 41 75 98 36 4 24 18 52 19 75 51 76 29 7 91 36 68 31 41 83 12 34 95 51 72 65 94 22 28 65 75 66 20 88 82 96 43 97 30 40 67 3 59 10 71 11 74 83 29 92 11 51 7 20 86 66 43 71 1 77 19 47 96 57 87 78 63 50 20 82 89 27 87 6 50 8 54 7 5 56 29 9 17 
27 8 94 6 20 34 29 99 57 21 18 93 83 20 12 92 13 38 95 6 33 92 82 59 45 17 48 99 91 11 37 2 85 2 52 91 47 51 61 9 26 71 41 41 1 67 66 99 46 63 31 18 73 35 26 81 44 70 51 97 26 9 10 59 74 3 35 82 90 91 81 98 46 49 77 94 21 10 26 25 80 60 81 77 74 35 23 9 51 11 57 28 75 58 17 11 6 61 27 29 
29 89 22 17 76 31 2 78 84 89 20 49 9 79 55 9 81 28 83 78 84 21 89 41 81 44 78 53 60 76 83 32 24 83 68 34 64 14 79 81 28 22 64 5 6 57 32 37 96 41 95 25 77 97 99 63 0 82 75 39 20 29 22 83 94 3 18 91 38 35 34 73 96 42 85 62 20 35 61 42 84 55 9 80 22 55 57 73 41 95 41 87 95 21 39 59 90 76 97 42 
7 87 83 8 44 30 49 59 41 53 27 57 2 19 2 39 53 91 55 93 9 88 64 15 25 4 47 28 6 77 0 26 59 16 13 61 37 74 36 9 3 81 35 45 73 87 35 1 15 41 22 36 36 78 14 22 85 13 65 13 55 28 78 44 57 78 68 80 36 13 56 39 59 91 95 47 20 3 45 18 51 55 84 14 91 23 41 4 74 79 83 50 15 47 2 98 81 8 30 6 
75 56 36 39 82 80 98 36 16 72 45 53 31 78 93 36 6 60 17 97 55 49 61 92 81 73 5 13 93 28 76 69 84 76 26 92 33 45 38 20 65 76 10 53 39 64 14 41 68 99 31 35 95 91 24 15 10 58 93 20 16 95 20 15 84 68 94 97 21 93 45 54 26 97 13 67 95 59 12 48 27 97 87 58 59 90 40 63 87 30 53 34 49 63 96 17 1 44 65 87 
44 76 6 22 75 62 57 82 5 76 89 55 71 34 12 20 86 7 94 15 33 79 20 1 54 37 85 3 50 3 83 79 96 21 75 67 55 0 91 47 44 24 85 61 15 74 22 48 28 12 7 15 29 77 84 10 14 54 10 6 31 10 54 60 72 35 77 34 12 21 26 30 56 80 14 7 52 26 51 65 35 67 63 29 42 22 45 48 9 77 45 4 85 66 93 97 50 59 58 2 
0 40 2 32 30 39 22 86 31 88 37 3 3 31 16 67 53 82 64 92 61 11 7 37 88 94 36 68 76 98 99 73 43 89 39 45 56 34 15 53 98 94 81 61 38 28 72 57 24 2 22 21 35 45 32 25 3 16 83 8 20 88 72 20 20 18 51 28 85 85 9 71 50 39 50 61 95 12 27 78 84 92 34 1 0 6 13 9 1 46 47 17 35 70 30 26 97 46 94 71 
91 18 83 92 91 91 24 50 87 14 58 52 70 84 63 3 3 82 36 14 52 53 19 1 65 66 24 50 18 55 85 65 76 99 29 65 37 21 81 10 58 88 51 49 80 4 25 77 98 60 15 50 96 95 52 19 57 3 82 20 6 83 81 15 92 62 84 89 71 79 58 6 23 5 64 94 5 30 48 73 96 93 86 61 30 99 29 58 3 25 57 42 8 34 46 24 44 58 29 45 
55 15 63 19 33 18 86 76 82 32 41 16 65 75 12 2 85 97 22 13 57 36 89 67 68 20 26 64 52 95 91 42 26 75 54 76 24 58 5 28 40 25 36 76 61 10 71 81 70 54 14 72 92 84 88 33 35 69 29 4 2 41 77 38 99 72 54 65 20 15 34 76 34 69 29 53 83 70 44 10 46 57 39 83 60 18 89 38 46 4 32 89 52 94 53 99 7 40 39 42 
98 67 25 7 45 12 59 21 71 11 90 21 53 75 28 0 30 64 36 58 37 88 29 28 27 23 44 65 89 69 41 32 38 75 28 68 44 4 92 81 45 2 74 57 13 20 17 36 94 5 35 37 43 67 18 62 13 92 51 55 69 14 95 43 1 52 67 85 25 55 50 93 81 58 80 43 98 95 54 74 90 90 55 43 36 56 88 63 65 42 32 67 78 46 30 87 77 68 23 39 
53 65 24 44 99 13 41 77 66 2 18 55 89 50 63 93 6 59 88 51 43 26 0 77 48 0 52 44 2 98 54 88 56 79 63 45 66 76 97 21 31 98 20 81 44 32 40 21 9 40 91 15 46 53 4 42 97 15 16 65 67 64 98 61 26 3 20 10 18 58 37 59 11 99 71 46 7 24 18 93 14 88 83 70 40 61 28 91 64 12 36 62 3 50 9 59 55 93 61 22 
41 46 81 22 60 53 41 32 24 86 44 33 27 85 29 6 56 98 77 20 95 41 84 2 31 45 61 24 72 16 65 53 1 43 80 36 20 94 31 82 35 53 37 96 14 75 62 16 11 14 45 30 0 95 53 3 93 48 49 69 12 92 69 45 93 70 68 36 43 32 90 97 60 14 59 50 9 23 76 16 48 16 43 77 79 85 98 82 39 88 49 91 88 76 10 58 71 40 64 53 
21 93 98 71 32 56 84 28 56 4 48 19 85 32 97 1 24 6 31 95 18 29 27 83 64 91 72 36 29 57 45 4 27 97 23 79 2 69 31 0 70 45 21 3 50 80 83 11 58 35 82 65 80 96 19 79 1 1 79 75 54 38 22 65 47 17 7 3 89 19 52 95 61 10 82 53 93 82 18 49 63 83 50 77 29 51 74 76 48 42 86 38 99 25 16 39 66 76 69 58 
12 46 92 2 84 93 89 11 61 46 2 65 18 53 23 17 62 97 56 23 88 81 32 40 2 59 35 45 99 67 43 77 80 16 23 6 99 91 98 96 78 28 97 74 88 69 52 51 46 0 95 63 53 62 19 69 95 9 56 81 13 30 37 95 40 0 45 62 3 23 34 18 19 16 82 35 36 65 3 22 12 87 96 17 55 0 52 73 73 40 99 43 4 45 67 57 23 85 18 42 
61 81 65 76 23 84 90 23 49 17 52 72 63 78 33 70 21 6 92 47 40 30 83 31 63 89 4 2 22 90 90 91 81 46 74 8 81 71 62 61 23 73 71 41 76 29 86 99 90 24 44 31 70 79 89 23 21 32 43 10 98 82 90 31 97 68 22 44 31 69 1 16 51 58 18 5 57 85 47 30 87 50 35 36 30 55 58 25 71 87 46 76 46 66 99 39 19 40 36 30 
21 32 3 90 20 49 28 74 26 71 7 93 32 68 35 92 41 70 48 73 5 25 29 76 94 32 38 10 88 77 49 20 49 14 70 90 49 59 45 47 80 28 51 84 91 83 58 11 7 88 95 70 41 95 36 15 69 84 75 54 56 0 19 85 80 29 53 13 32 17 37 5 17 15 6 24 14 7 28 53 89 49 20 16 21 18 17 69 16 60 21 95 96 64 44 15 26 1 48 14 
38 73 58 66 49 13 67 43 78 58 94 85 85 76 72 22 89 11 30 81 25 64 14 14 14 41 80 96 2 59 60 87 31 97 22 94 22 40 81 15 44 46 31 84 26 97 53 50 73 4 23 20 12 65 88 45 16 61 57 32 37 62 85 77 33 34 43 61 20 7 73 31 81 40 62 32 23 52 22 58 31 33 92 42 25 50 77 70 85 99 21 22 97 5 70 1 37 72 18 88 
96 50 89 33 23 82 34 5 24 32 68 49 92 13 18 43 82 55 13 17 51 70 5 31 6 30 52 55 92 54 39 3 61 71 47 24 66 41 2 29 30 36 66 82 15 23 49 3 35 14 30 88 41 71 1 88 25 4 20 8 82 97 30 93 8 73 71 43 68 90 12 91 10 22 41 86 34 87 64 49 44 74 43 96 90 37 9 39 10 43 67 11 41 79 40 15 86 95 93 5 
47 9 29 4 59 94 49 69 11 34 68 44 87 5 31 64 70 41 12 41 59 27 10 77 7 92 93 9 43 79 70 90 42 61 64 34 19 32 31 96 55 23 52 12 11 43 98 31 53 46 59 43 35 37 17 97 93 4 45 37 74 7 93 51 90 49 85 79 76 2 11 25 95 88 46 43 80 44 57 23 60 20 95 32 8 73 67 15 4 61 50 66 60 86 58 16 31 14 59 1 
3 0 37 45 27 5 54 8 35 61 49 54 60 72 70 42 14 82 54 93 83 40 71 47 30 85 56 49 67 87 59 23 35 33 96 13 24 6 71 15 83 51 53 8 19 73 30 32 37 58 25 20 14 3 16 64 27 34 4 9 25 16 21 46 30 36 85 50 2 85 54 38 82 68 7 36 7 36 14 83 83 64 32 5 29 32 96 66 78 36 53 22 35 90 1 89 87 62 7 85 
6 81 63 30 53 84 40 90 27 6 48 88 98 96 39 38 85 10 72 34 64 12 56 18 8 27 42 32 34 13 92 12 46 41 20 48 42 1 47 61 23 74 38 63 67 20 83 93 3 23 59 17 46 1 73 27 21 57 86 56 57 41 86 64 97 57 82 87 69 61 33 25 41 60 2 97 62 62 77 67 86 31 21 22 30 1 82 19 12 36 21 83 49 58 73 89 12 5 44 18 
63 45 46 6 51 22 51 9 77 4 22 61 56 59 72 43 24 35 79 86 53 56 33 26 7 72 92 15 3 11 96 11 23 90 84 59 90 19 17 51 66 43 73 36 47 56 62 75 66 41 36 87 96 39 91 66 57 5 58 0 24 0 74 92 9 38 22 20 64 85 70 53 93 4 56 83 1 22 14 48 67 14 44 93 17 75 23 77 63 95 0 6 7 69 82 79 50 20 78 13 
88 33 83 7 95 81 3 1 33 86 17 68 28 97 49 40 45 92 59 46 68 17 57 85 9 91 58 57 85 58 40 64 43 58 95 74 77 16 68 0 17 1 54 83 53 13 15 57 25 29 10 63 27 31 71 36 24 80 30 80 52 50 8 31 84 13 46 79 73 99 70 13 70 90 69 23 0 91 19 19 36 70 65 33 69 44 20 85 38 3 49 91 52 77 95 32 98 72 90 57 
54 27 85 30 67 59 35 22 94 31 85 58 15 45 11 51 75 64 71 44 49 94 24 17 55 38 7 80 30 80 67 32 2 72 14 56 29 87 23 97 48 20 81 22 44 38 55 2 92 32 65 1 67 58 44 44 25 7 57 44 57 23 35 70 31 43 32 28 74 15 86 2 16 46 78 85 39 53 26 95 73 80 9 61 83 32 46 18 17 10 78 34 51 79 14 57 91 59 55 0 
18 78 50 33 1 62 90 69 59 92 30 70 57 51 82 79 63 47 51 7 71 94 23 52 6 8 66 51 87 21 57 86 16 79 78 92 52 57 77 44 50 58 57 25 8 23 47 0 11 75 4 76 19 67 20 81 47 42 10 0 71 43 76 36 80 23 51 21 30 75 72 27 58 46 73 94 92 35 64 57 59 57 70 15 62 8 30 77 89 69 49 71 1 59 60 93 45 63 71 64 
93 34 63 47 95 7 92 43 90 5 77 84 38 43 36 20 68 61 74 34 43 70 76 58 36 82 22 22 84 78 69 18 49 16 24 22 98 81 54 73 84 20 85 23 19 72 25 39 83 15 90 95 50 85 3 25 85 39 82 28 22 93 36 8 6 81 21 51 6 68 1 83 84 44 47 35 47 27 19 15 43 55 49 70 74 58 61 19 60 32 77 38 65 70 90 96 48 61 50 68 
62 67 29 46 2 76 50 61 3 50 49 44 96 17 61 10 56 65 9 68 52 45 34 57 52 65 46 46 93 86 63 6 6 17 65 26 91 38 61 17 81 28 88 82 37 53 20 31 56 89 69 31 6 86 44 25 0 73 65 89 38 59 80 95 94 7 89 27 36 12 45 88 30 97 96 33 34 30 96 3 20 98 16 71 27 87 77 19 95 45 91 95 20 66 87 63 41 93 24 86 
72 95 76 34 17 9 14 46 75 92 4 96 38 54 74 28 30 78 32 2 17 13 11 44 80 55 7 9 19 57 23 81 49 15 87 18 76 45 99 50 66 99 10 96 63 7 54 87 78 87 34 57 14 66 31 10 72 0 53 65 30 23 62 24 9 25 23 92 43 60 94 74 48 54 4 87 50 70 84 20 70 52 87 29 77 46 61 30 16 26 59 13 26 75 11 75 20 30 33 72 
8 6 59 68 96 41 1 45 45 26 17 63 0 92 50 27 62 65 47 47 96 51 97 53 68 28 45 78 14 14 98 19 8 46 38 13 18 77 89 2 71 38 27 9 32 75 72 78 64 30 79 50 49 90 52 13 10 89 36 18 89 23 58 4 47 39 72 93 63 25 22 43 66 29 83 71 40 75 63 58 98 4 85 56 72 24 5 79 76 41 22 2 99 83 47 98 66 91 97 75 
64 62 98 21 87 93 21 78 63 79 96 73 34 58 33 55 21 15 9 86 75 66 28 48 31 12 21 58 31 92 75 38 19 89 74 62 49 20 2 8 77 3 48 89 17 25 18 96 85 54 20 55 56 49 96 24 15 9 16 32 59 42 36 79 82 97 65 74 71 97 26 37 34 46 56 8 54 62 69 37 91 58 36 13 34 7 15 2 87 31 46 54 63 50 17 60 52 54 23 32 
67 1 28 72 95 2 72 32 95 83 53 94 49 79 70 54 59 58 56 7 73 25 54 28 34 53 38 34 14 19 5 46 64 90 85 59 0 22 50 32 51 58 16 90 21 78 78 88 12 92 64 18 62 42 67 62 74 33 79 49 89 91 65 45 2 16 21 49 59 90 44 25 1 73 70 42 32 77 84 97 85 3 42 35 39 1 44 6 6 52 19 71 19 90 72 67 79 95 76 74 
83 66 89 85 0 80 34 23 76 92 12 84 85 85 55 14 9 86 79 48 70 1 6 10 75 97 68 79 84 63 94 2 11 85 97 94 30 29 74 39 41 8 76 80 12 61 96 95 4 15 18 49 80 87 74 46 68 25 23 34 99 85 53 9 53 61 31 36 97 18 79 74 60 72 89 89 37 8 9 69 55 19 89 46 47 88 22 42 8 93 50 43 46 23 55 48 15 54 13 60 
41 52 38 34 0 31 90 7 97 74 19 90 22 5 8 74 49 65 9 74 84 86 90 34 31 61 95 71 29 72 49 90 31 55 73 12 40 11 29 3 38 66 61 47 86 44 88 41 43 61 21 24 40 93 71 4 44 39 81 28 56 42 23 87 56 6 46 80 26 7 8 93 51 54 95 1 79 70 14 87 72 89 95 87 88 4 73 82 50 41 70 37 44 35 68 93 72 77 74 77 
18 13 13 58 57 15 6 98 30 75 28 79 51 88 17 93 50 31 61 45 32 86 47 3 77 45 10 81 11 87 75 24 39 87 19 93 54 87 64 14 38 81 9 51 22 20 94 12 91 5 21 64 89 58 53 17 55 41 50 39 23 28 42 67 75 49 91 46 79 92 79 93 30 86 60 94 5 64 90 61 43 73 64 44 97 16 56 9 31 92 24 96 92 12 98 88 93 1 38 25 
24 53 64 39 90 80 20 86 94 49 58 62 33 43 99 4 13 21 41 70 44 26 26 23 65 15 96 72 87 81 99 40 38 26 31 55 48 36 11 27 58 58 62 4 53 15 55 58 84 75 72 12 50 95 7 15 3 16 3 27 20 60 7 42 43 23 68 30 97 32 33 49 80 93 26 58 0 11 62 8 42 94 80 36 43 26 4 4 84 10 54 24 46 8 13 52 9 15 35 26 
27 53 19 93 58 99 9 79 46 53 55 17 98 92 61 46 21 35 2 52 48 14 41 82 44 91 84 77 51 3 8 44 11 38 2 24 32 29 83 30 94 25 46 56 10 90 93 43 63 55 69 48 78 29 71 72 74 12 10 61 24 89 90 67 47 78 36 53 29 37 59 49 28 47 43 13 22 99 99 52 42 75 25 63 68 76 94 90 34 62 41 60 99 12 67 96 40 51 89 70 
54 54 4 16 67 36 33 55 23 63 91 72 78 19 78 94 61 85 17 21 92 70 1 4 92 15 37 66 83 65 82 77 60 48 41 46 39 51 67 79 80 30 65 7 46 86 38 57 74 4 76 58 52 35 97 84 25 41 73 16 62 30 73 11 47 29 1 58 26 50 6 56 64 15 6 37 19 86 52 17 57 59 98 86 48 78 2 97 93 70 59 76 79 40 77 47 0 72 34 73 
40 62 94 73 81 53 11 74 40 68 80 1 18 10 12 60 94 61 65 79 10 24 56 65 53 20 46 86 56 72 74 94 85 32 22 95 13 43 22 79 91 35 18 99 62 10 14 63 88 62 10 74 46 44 30 73 72 38 0 10 62 30 80 57 80 9 72 48 17 21 95 62 8 73 53 0 4 18 95 13 46 78 94 0 50 1 32 82 52 54 42 74 98 33 92 45 12 13 40 97 
90 95 83 34 22 36 88 99 88 8 77 1 83 13 99 1 99 48 37 55 39 88 48 98 81 5 9 95 22 45 57 99 86 37 37 37 4 31 5 73 47 15 87 19 80 54 64 1 25 41 61 85 1 81 71 15 32 82 70 17 85 4 56 58 92 52 42 20 4 35 32 18 48 53 12 47 35 13 93 90 65 86 54 78 46 78 17 31 4 55 4 39 36 62 31 25 86 58 86 20 
85 47 75 29 87 80 94 20 85 94 93 51 49 37 39 93 10 92 96 86 2 69 91 92 73 91 28 76 0 75 87 66 93 73 56 90 32 20 26 69 98 73 45 75 73 78 76 59 11 67 2 14 1 21 79 81 70 21 70 90 27 81 90 6 3 90 13 12 23 98 21 65 97 6 48 34 94 77 8 65 79 29 26 89 42 64 29 56 68 49 24 10 30 73 3 1 89 4 11 90 
54 32 66 47 21 81 64 63 46 49 42 64 77 44 72 15 37 40 51 43 41 68 58 6 92 33 76 18 22 34 86 44 79 9 7 34 98 75 3 79 14 84 91 15 11 2 71 57 56 33 4 54 89 8 13 33 76 5 53 18 3 29 67 60 29 55 53 98 75 5 30 32 80 80 72 11 43 20 14 36 83 4 34 20 53 38 65 62 73 31 69 49 35 69 78 93 57 0 53 90 
56 74 87 33 7 65 9 97 68 20 14 56 91 63 81 22 11 53 78 87 48 88 33 18 43 21 11 38 76 56 36 97 88 32 65 39 81 98 56 42 38 61 88 1 85 34 32 75 9 71 12 68 96 62 57 35 82 49 40 72 28 54 56 11 18 77 52 79 78 86 41 13 94 66 76 20 5 70 87 50 70 27 80 33 6 83 19 89 92 9 81 95 68 28 28 65 58 31 25 46 
87 28 97 7 92 20 17 30 1 12 85 55 17 76 68 35 77 89 82 61 29 74 56 74 85 6 75 54 56 96 16 83 24 23 2 38 83 40 67 43 71 94 13 98 6 80 99 2 38 98 23 20 40 0 28 84 94 81 5 48 97 90 52 34 78 22 65 34 83 15 61 54 1 88 37 46 57 97 94 16 7 87 77 3 46 60 96 37 20 87 41 0 18 88 79 83 49 91 96 33 
86 94 57 78 7 12 39 6 68 57 42 87 76 50 26 16 93 99 17 95 58 92 14 0 99 62 91 86 9 27 72 79 26 59 29 86 7 16 16 75 21 24 15 69 21 38 51 79 57 14 48 42 31 60 59 76 1 32 78 55 10 10 78 58 36 0 56 20 1 36 51 24 43 10 28 91 84 86 61 56 76 76 85 87 31 2 14 73 84 3 99 61 5 74 28 53 38 77 21 43 
18 18 61 54 3 89 30 76 56 7 7 78 64 60 39 89 88 98 45 50 71 25 48 99 32 97 35 62 3 20 0 40 49 17 77 53 0 68 18 65 37 16 68 11 19 27 55 27 12 26 63 78 61 18 22 66 14 76 44 24 5 65 11 8 23 73 16 52 41 13 65 98 69 68 31 4 13 40 68 77 23 93 85 81 50 39 88 42 18 79 90 40 35 25 36 58 66 30 50 28 
